464.5638932
6387.753532
7084.599371
-1742.1146
-24273.46342
1625.973626
-1161.409733
-696.8458398
348.4229199
-3948.793092
116.1409733
116.1409733
232.2819466
-232.2819466
116.1409733
0
2903.524333
-9058.995917
-1161.409733
-4877.920879
5690.907692
580.7048665
812.9868131
-812.9868131
-8013.727158
696.8458398
2438.960439
-580.7048665
22299.06687
116.1409733
348.4229199
-232.2819466
116.1409733
-5226.343799
21021.51617
-9058.995917
-116.1409733
232.2819466
464.5638932
1277.550706
-232.2819466
-5807.048665
1161.409733
0
464.5638932
0
116.1409733