-1.301439999999999819e-01
2.288150000000000184e-01
-2.223120000000000096e-01
4.147629999999999928e-01
-5.016760000000000108e-01
-2.164920000000000178e-01
2.568900000000000072e-01
-6.358300000000000063e-02
-2.022490000000000121e-01
5.061599999999999433e-01
-3.513189999999999924e-01
-3.384000000000000341e-01
3.632950000000000346e-01
-5.843199999999999783e-02
-2.136520000000000086e-01
4.093749999999999889e-01
-2.537280000000000091e-01
-2.509740000000000304e-01
-4.417000000000000787e-02
7.342700000000002003e-02
2.632369999999999988e-01
-3.160339999999999261e-01
3.571219999999999950e-01
-1.848700000000000065e-01
1.587890000000000135e-01
-2.124910000000000132e-01
1.208719999999999795e-01
2.223819999999999686e-01
-7.410300000000000220e-02
-2.104100000000000414e-02
-1.078719999999999957e-01
4.831229999999999691e-01
-1.573700000000000099e-02
-7.090299999999999381e-02
9.476999999999999313e-02
-1.520599999999999730e-02
-6.369500000000000162e-02
-2.357899999999999580e-02
-1.708939999999999904e-01
2.722200000000002396e-02
3.243159999999999932e-01
7.009000000000001340e-03
-3.295800000000000118e-02
-2.088200000000000126e-02
-1.389899999999999990e-02
-1.048229999999999995e-01
-8.313500000000000056e-02
-4.370100000000001761e-02
2.231260000000000188e-01
-5.496700000000000197e-02
4.863900000000000168e-02
-1.089499999999999844e-02
-9.908999999999999406e-03
-6.955100000000000171e-02
-5.607700000000000184e-02
-1.099999999998324540e-05
-8.620000000000016538e-04
3.064999999999998281e-03
1.252070000000000127e-01
-5.809999999999999887e-02
-3.562200000000000089e-02
-5.326700000000000185e-02
3.236600000000000588e-02
1.019690000000000180e-01
-4.622099999999999820e-02
-9.840000000000001523e-03
-1.756499999999999728e-02
1.221970000000000001e-01
-4.308800000000000130e-02
-9.952000000000002511e-03
-4.133000000000001256e-03
-5.523700000000000832e-02
2.475670000000000093e-01
-2.114530000000000021e-01
-1.304359999999999964e-01
-5.866199999999999887e-02
1.514000000000000068e-02
5.750700000000000256e-02
-1.338500000000009127e-02
-7.126900000000002677e-02
7.705399999999995586e-02
4.485730000000000550e-01
-1.104250000000000509e-01
1.690020000000000133e-01
-2.222149999999999959e-01
-1.492549999999999988e-01
-1.467080000000000051e-01
-6.642100000000000781e-02
4.088800000000000767e-02
1.900000000000000300e-02
-1.224879999999999997e-01
3.522800000000000237e-02
2.934600000000000403e-02
1.559599999999999875e-02
4.055719999999999881e-01
-7.807199999999997475e-02
1.229920000000000041e-01
-4.167099999999999971e-02
-9.960600000000000009e-02
-6.571399999999999464e-02
-7.423199999999999243e-02
-7.702000000000000512e-03
-2.801500000000000171e-02
-5.369700000000000861e-02
-1.039400000000000046e-02
-5.125999999999998613e-03
7.040000000000032343e-04
3.290079999999999671e-01
1.103000000000003977e-02
3.274200000000002109e-02
-8.922900000000000276e-02
-1.048250000000000015e-01
-9.405099999999999572e-02
-5.737400000000000833e-02
2.342100000000000432e-02
1.452300000000000119e-02
1.990500000000000602e-02
-2.535700000000001841e-02
4.354000000000003701e-03
9.654000000000002857e-03
-9.159999999999932085e-04
