0
0
0
0
0
0
0
0
0
0
0
0
0
0
0
0
0
0
0
4761.779905
-4181.075039
6271.612558
-4413.356985
-88034.85776
1858.255573
232.2819466
-2206.678493
1393.69168
8362.150078
-113469.7309
0
-4761.779905
-1625.973626
-1509.832653
464.5638932
7316.881318
-4529.497959
-4529.497959
4297.216012
5574.766718
-4181.075039
-1045.26876
7084.599371
3600.370172
-464.5638932
-1625.973626
-2903.524333
29267.52527
0
-5342.484772
580.7048665
2206.678493
1277.550706
4297.216012
-2438.960439
3368.088226
-1625.973626
9175.136891
0
-9988.123704
-6968.458398
16840.44113
-2438.960439
1742.1146
11149.53344
-5110.202825
3019.665306
4994.061852