0.0 0.741719 0.495945 0.0 0.0 0.0 -0.18437 -0.246449 0.0 0.0 
0.0 1.076179 0.019542 0.0 0.0 0.0 0.307355 -0.077275 0.0 0.0
0.0 -0.102316 -0.644828 0.0 0.0 0.0 -0.142988 -0.806273 0.0 0.0 
0.0 -0.308426 -0.253393 0.0 0.0 0.0 0.023141 -0.982255 0.0 0.0

0.0 -0.148044 0.474987 0.0 0.0 0.0 -0.303594 -0.238569 0.0 0.0 
0.0 -0.274115 0.38449 0.0 0.0 0.0 -0.173502 -0.030841 0.0 0.0
0.0 0.128855 0.041822 0.0 0.0 0.0 0.190637 -1.259109 0.0 0.0 
0.0 -0.540875 -0.318652 0.0 0.0 0.0 -0.064134 -0.421342 0.0 0.0

0.0 0.0 0.0 0.0 0.0 0.0 0.0 0.0 0.0 0.0 
0.0 0.0 0.0 0.0 0.0 0.0 0.0 0.0 0.0 0.0
0.0 0.0 0.0 0.0 0.0 0.0 0.0 0.0 0.0 0.0
0.0 0.0 0.0 0.0 0.0 0.0 0.0 0.0 0.0 0.0