 -15.938 -13.013  -4.354   5.090  13.263  28.016  46.237  27.838  13.099   5.198  -4.244 -13.076 -15.938
 -13.915  -6.498   0.254   9.991  23.245  40.588  31.279   9.930  -0.225  -3.154 -10.283 -14.375 -13.915
  -6.199  -0.263   3.081  15.174  30.194  31.358  10.172  -1.928  -6.729 -12.033 -13.327 -11.572  -6.199
   0.352   0.105   4.420  14.970  21.774  13.012   3.450   5.271   1.976  -7.341 -10.936  -6.403   0.352
  -0.222  -0.206   6.108   8.580   7.515   4.165   8.503  13.362  11.065  -2.323 -10.336  -3.345  -0.222
   0.744   2.227   7.081   4.136  -0.429   6.296  12.380  18.709  -5.031  -9.101  -7.508  -1.593   0.744
   4.778   5.484   2.427  -3.373  -1.682   6.734  16.700   2.777  -5.237  -7.812   0.171   3.662   4.778
   2.029  -0.322  -4.721  -4.902  -0.056  10.681   8.554   3.731  -0.884   4.381   7.283   8.046   2.029
   1.291  -2.109  -6.556  -1.407   5.146  10.462   6.778   5.816   8.069   9.383   7.238   1.644   1.291
  -0.218  -7.095 -13.814  -9.998   1.074   4.979   4.001  14.471  21.035  15.657   5.060   0.680  -0.218
  -6.746 -11.728 -14.887 -14.452  -8.006  -2.379  10.348  31.761  30.174  15.712   2.782  -1.097  -6.746
 -13.532 -14.744 -10.412  -3.786  -1.733   9.564  29.777  40.552  23.263  10.321   0.164  -6.947 -13.532
 -15.938 -13.013  -4.354   5.090  13.263  28.016  46.237  27.838  13.099   5.198  -4.244 -13.076 -15.938