  24.762   0.000   0.000  23.437  -1.301 -20.376  -0.847   2.812  -2.917  -3.980  -2.813   7.280  24.762
  25.691   0.000   0.000  17.837  -6.868  -7.122  -0.731  -0.407  -2.316  -3.903  -3.020   7.708  25.691
  25.631   0.000   0.000  18.565   2.766  -6.821 -11.192  -9.421  -7.750  -7.538  -4.120   7.675  25.631
  25.580   0.000   0.000  26.334   8.824  -8.648 -24.710 -24.172 -14.961 -16.470  -7.960   7.221  25.580
  26.868   0.000   0.000  33.341  10.881 -13.938 -28.269 -13.388 -13.709 -20.346  -7.101   8.564  26.868
  32.405   0.000   0.000  33.276   4.072 -19.974 -29.363 -12.636 -20.526 -13.392  -1.194  13.498  32.405
  31.797   0.000   0.000  21.607  -6.111 -25.833 -15.443 -17.962 -14.432  -6.474   2.882  15.629  31.797
  28.872   0.000   0.000  11.007 -15.873 -16.187 -13.231 -15.145  -9.551  -2.172   3.819  14.898  28.872
  26.854   0.000   0.000   7.045  -5.828 -14.159 -16.846 -16.378 -10.752  -4.847   0.856  12.724  26.854
  26.715   0.000   0.000  12.933  -2.193 -15.747 -24.094 -19.181 -18.031  -9.752  -0.325  11.425  26.715
  23.011   0.000   0.000  19.727   2.560 -14.910 -28.109 -12.583 -16.780 -11.011  -2.445   9.087  23.011
  22.574   0.000   0.000  24.718   2.113 -16.953 -25.793   1.474 -10.816  -7.669  -2.677   6.958  22.574
  24.762   0.000   0.000  23.437  -1.301 -20.376  -0.847   2.812  -2.917  -3.980  -2.813   7.280  24.762