 -13.410  -9.262  -0.184   8.535  17.984  30.352  48.440  30.352  17.984   8.535  -0.184  -9.262 -13.410
 -10.729  -3.802   3.846  14.153  26.874  41.926  34.992  16.279   5.857   1.667  -5.281 -11.611 -10.729
  -4.913   0.205   4.514  16.736  31.155  35.848  19.171   5.586  -5.799  -8.260  -8.499  -8.982  -4.913
  -0.695  -0.631   6.910  16.212  24.955  20.718  10.336  -4.799 -20.484 -22.949 -10.223  -4.079  -0.695
   3.455   2.482   7.735  15.208  13.495   9.584  -4.401 -22.259 -30.507 -27.853   2.842   1.872   3.455
  10.288  16.772  16.805  13.984   7.758  -6.108 -18.810 -25.888 -28.228 -13.221   5.214   9.661  10.288
   1.788  15.052  12.962   6.891 -11.364 -22.800 -22.201 -22.800 -11.364   6.891  12.962  15.052   1.788
  10.288   9.661   5.214 -13.221 -28.228 -25.888 -18.810  -6.108   7.758  13.984  16.805  16.772  10.288
   3.455   1.872   2.842 -27.853 -30.507 -22.259  -4.401   9.584  13.495  15.208   7.735   2.482   3.455
  -0.695  -4.079 -10.223 -22.949 -20.484  -4.799  10.336  20.718  24.955  16.212   6.910  -0.631  -0.695
  -4.913  -8.982  -8.499  -8.260  -5.799   5.586  19.171  35.848  31.155  16.736   4.514   0.205  -4.913
 -10.729 -11.611  -5.281   1.667   5.857  16.279  34.992  41.926  26.874  14.153   3.846  -3.802 -10.729
 -13.410  -9.262  -0.184   8.535  17.984  30.352  48.440  30.352  17.984   8.535  -0.184  -9.262 -13.410