   3.174   0.000   0.000  22.249  24.466  29.234  42.445   5.830   1.427  -4.033  -8.562  -6.894   3.174
   4.775   0.000   0.000  35.660  40.094  37.496  14.831  -8.488 -12.089 -11.532 -11.507  -7.767   4.775
   7.276   0.000   0.000  18.145   2.780  -6.848 -11.902 -12.137 -20.435 -20.969 -16.484  -6.627   7.276
  11.455   0.000   0.000  26.794   9.377  -8.522 -24.831 -18.013 -34.278 -35.759 -22.733  -4.913  11.455
  16.770   0.000   0.000  32.939  10.988 -16.375 -28.075 -40.257 -43.794 -41.658 -21.611  -0.132  16.770
  21.377   0.000   0.000  28.511  12.372 -22.799 -31.627 -44.009 -42.616 -30.833  -4.046   7.111  21.377
  22.801   0.000   0.000  18.019 -18.851 -33.031 -33.913 -38.499 -26.038  -1.564   6.371  10.647  22.801
  23.260   0.000   0.000 -12.551 -27.253 -32.581 -29.228 -20.516  -5.007   6.658  10.420  13.536  23.260
  20.057   0.000   0.000 -17.703 -27.253 -23.435 -11.231  -5.264   3.276  11.419  10.108  12.054  20.057
  18.760   0.000   0.000  -8.834 -27.253  -5.473  -0.580  10.454  18.204  13.627   5.599  10.882  18.760
  11.910   0.000   0.000   4.521   0.103  -1.976   8.740  29.343  21.869  10.957   1.210   3.114  11.910
   4.451   0.000   0.000  13.231   6.940   8.930  24.642  18.258  12.705   2.888  -5.104  -3.480   4.451
   3.174   0.000   0.000  22.249  24.466  29.234  42.445   5.830   1.427  -4.033  -8.562  -6.894   3.174