   3.174  -6.894  -8.562  -4.033   1.427   5.830  42.445  29.234  24.466  22.249   0.000   0.000   3.174
   4.451  -3.480  -5.104   2.888  12.705  18.258  24.642   8.930   6.940  13.231   0.000   0.000   4.451
  11.910   3.114   1.210  10.957  21.869  29.343   8.740  -1.976   0.103   4.521   0.000   0.000  11.910
  18.760  10.882   5.599  13.627  18.204  10.454  -0.580  -5.473 -27.253  -8.834   0.000   0.000  18.760
  20.057  12.054  10.108  11.419   3.276  -5.264 -11.231 -23.435 -27.253 -17.703   0.000   0.000  20.057
  23.260  13.536  10.420   6.658  -5.007 -20.516 -29.228 -32.581 -27.253 -12.551   0.000   0.000  23.260
  22.801  10.647   6.371  -1.564 -26.038 -38.499 -33.913 -33.031 -18.851  18.019   0.000   0.000  22.801
  21.377   7.111  -4.046 -30.833 -42.616 -44.009 -31.627 -22.799  12.372  28.511   0.000   0.000  21.377
  16.770  -0.132 -21.611 -41.658 -43.794 -40.257 -28.075 -16.375  10.988  32.939   0.000   0.000  16.770
  11.455  -4.913 -22.733 -35.759 -34.278 -18.013 -24.831  -8.522   9.377  26.794   0.000   0.000  11.455
   7.276  -6.627 -16.484 -20.969 -20.435 -12.137 -11.902  -6.848   2.780  18.145   0.000   0.000   7.276
   4.775  -7.767 -11.507 -11.532 -12.089  -8.488  14.831  37.496  40.094  35.660   0.000   0.000   4.775
   3.174  -6.894  -8.562  -4.033   1.427   5.830  42.445  29.234  24.466  22.249   0.000   0.000   3.174