  24.762   7.280  -2.813  -3.980  -2.917   2.812  -0.847 -20.376  -1.301  23.437   0.000   0.000  24.762
  22.574   6.958  -2.677  -7.669 -10.816   1.474 -25.793 -16.953   2.113  24.718   0.000   0.000  22.574
  23.011   9.087  -2.445 -11.011 -16.780 -12.583 -28.109 -14.910   2.560  19.727   0.000   0.000  23.011
  26.715  11.425  -0.325  -9.752 -18.031 -19.181 -24.094 -15.747  -2.193  12.933   0.000   0.000  26.715
  26.854  12.724   0.856  -4.847 -10.752 -16.378 -16.846 -14.159  -5.828   7.045   0.000   0.000  26.854
  28.872  14.898   3.819  -2.172  -9.551 -15.145 -13.231 -16.187 -15.873  11.007   0.000   0.000  28.872
  31.797  15.629   2.882  -6.474 -14.432 -17.962 -15.443 -25.833  -6.111  21.607   0.000   0.000  31.797
  32.405  13.498  -1.194 -13.392 -20.526 -12.636 -29.363 -19.974   4.072  33.276   0.000   0.000  32.405
  26.868   8.564  -7.101 -20.346 -13.709 -13.388 -28.269 -13.938  10.881  33.341   0.000   0.000  26.868
  25.580   7.221  -7.960 -16.470 -14.961 -24.172 -24.710  -8.648   8.824  26.334   0.000   0.000  25.580
  25.631   7.675  -4.120  -7.538  -7.750  -9.421 -11.192  -6.821   2.766  18.565   0.000   0.000  25.631
  25.691   7.708  -3.020  -3.903  -2.316  -0.407  -0.731  -7.122  -6.868  17.837   0.000   0.000  25.691
  24.762   7.280  -2.813  -3.980  -2.917   2.812  -0.847 -20.376  -1.301  23.437   0.000   0.000  24.762