  -6.380  -5.818  -5.343  -0.750   1.617  -2.062 -14.099  -1.361   1.724  -0.947  -5.230  -5.790  -6.380
  -6.111  -3.086  -6.243  -4.340  -2.727  -5.455 -12.826  -2.948   1.698  -3.180  -8.584  -9.238  -6.111
  -4.958  -3.326 -10.653  -8.907  -9.624 -15.114 -22.019 -12.357  -2.804  -9.065 -11.838 -10.582  -4.958
  -3.686 -10.039 -12.709 -11.132 -10.188 -19.862 -28.082 -27.262 -10.599 -16.822 -14.035 -10.638  -3.686
  -4.821  -8.666 -12.762 -11.180 -11.212 -16.320 -23.894 -24.259  -7.767 -19.633 -16.190 -12.269  -4.821
  -5.311  -7.052 -12.070 -10.590 -12.515 -16.490 -19.370 -10.335  -9.854 -12.940 -15.893 -11.829  -5.311
  -4.725  -9.201 -12.852 -11.672 -10.136 -13.300 -15.090 -19.402 -13.308 -14.660 -14.676 -10.623  -4.725
  -4.237 -10.391 -15.605 -12.546  -8.092  -9.317 -25.415 -17.547 -12.982 -11.774 -12.224  -9.570  -4.237
  -3.706 -11.605 -16.219 -20.321 -11.600 -28.499 -24.779 -16.215 -12.300  -9.599 -11.323  -6.583  -3.706
  -3.347 -10.562 -14.648 -16.825 -10.793 -27.479 -27.540 -20.281  -9.956 -11.111 -12.521  -9.273  -3.347
  -4.925 -10.965 -13.544  -9.924  -3.377 -14.456 -21.636 -15.024  -8.811  -8.610 -10.535  -2.721  -4.925
  -6.389  -9.349  -8.850  -2.804   1.777  -3.851 -14.852  -5.111  -3.370  -4.310  -6.477  -3.318  -6.389
  -6.380  -5.818  -5.343  -0.750   1.617  -2.062 -14.099  -1.361   1.724  -0.947  -5.230  -5.790  -6.380