   7.202   7.061   7.764   7.494   5.795   6.097   7.509   7.030   3.224   4.843   0.000   0.000   7.202
  -8.543   0.652  -0.197  -3.384  -1.688  -0.121  -6.947  -6.025   0.485   8.268   0.000   0.000  -8.543
 -19.380  -5.212  -7.101 -10.064  -3.665  -5.034  -9.599  -6.389  -1.323   7.032   0.000   0.000 -19.380
 -30.583 -14.933 -11.893 -13.115  -7.243  -5.415  -6.229  -4.793  -2.358   2.055   0.000   0.000 -30.583
 -39.467 -24.612 -15.397  -9.554  -3.204  -1.270  -2.343  -5.426 -10.481 -12.858   0.000   0.000 -39.467
 -33.676 -16.750  -7.172  -2.410  -1.578  -5.765  -8.758 -16.263 -25.957 -13.552   0.000   0.000 -33.676
 -13.256  -5.520  -4.168  -4.398  -7.747 -15.842 -23.374 -20.688 -14.274  -5.785   0.000   0.000 -13.256
   1.304   0.222  -3.758  -7.267 -16.407 -27.477 -12.407  -7.215  -3.922  -3.103   0.000   0.000   1.304
   4.998   2.351  -2.554  -6.801 -14.867 -17.906  -1.358  -1.162  -0.504  -2.086   0.000   0.000   4.998
   3.757  -1.849  -2.367  -2.557  -7.727  -3.107  -1.127  -1.218  -2.854  -2.782   0.000   0.000   3.757
   1.029  -2.294  -2.152  -0.502  -2.353  -1.065  -0.413  -1.170  -0.272   1.955   0.000   0.000   1.029
   5.464   4.987   4.182   5.823   4.630   4.606   2.346   6.150  12.372  10.163   0.000   0.000   5.464
   7.202   7.061   7.764   7.494   5.795   6.097   7.509   7.030   3.224   4.843   0.000   0.000   7.202