  -5.680  -5.099  -2.354   4.740   4.692   5.213   5.287   4.647   3.873   3.917  -2.487  -4.822  -5.680
  -9.187  -6.835  -0.978   0.038  -0.246   1.985  -3.866  -0.597  -0.085  -3.900  -8.138  -7.903  -9.187
 -14.096 -12.096  -7.418 -11.340  -9.392  -7.219 -12.771 -10.701 -12.424 -16.255 -15.802 -14.763 -14.096
 -10.281  -5.566 -10.381 -15.172 -16.572 -11.896 -13.204 -12.922 -23.842 -25.338 -19.540 -12.873 -10.281
 -10.698  -5.651 -16.195 -18.893 -17.455 -12.474 -13.896 -13.796 -39.664 -27.903 -18.685 -13.641 -10.698
 -15.883 -13.372 -23.567 -21.804 -19.864 -17.592 -18.539 -26.998 -40.363 -33.732 -22.852 -18.286 -15.883
 -28.619 -32.234 -29.847 -27.896 -26.432 -27.658 -26.831 -28.215 -29.259 -31.120 -29.699 -29.757 -28.619
 -17.391 -23.388 -27.621 -33.259 -36.722 -41.347 -18.573 -19.094 -22.658 -24.861 -27.560 -31.591 -17.391
 -11.056 -14.649 -20.133 -30.711 -44.562 -11.617 -12.820 -12.467 -16.472 -19.634 -17.273  -4.408 -11.056
  -9.020 -12.308 -18.277 -23.898 -21.642  -9.832  -9.354 -10.552 -15.153 -14.377  -9.998  -3.661  -9.020
 -13.833 -15.094 -16.668 -16.172 -12.698 -10.655 -12.358  -7.105  -9.866 -11.269  -7.027 -12.160 -13.833
 -12.027 -11.246  -9.990  -5.741  -2.741  -2.986  -6.380   0.288  -2.773  -2.446  -2.700 -10.149 -12.027
  -5.680  -5.099  -2.354   4.740   4.692   5.213   5.287   4.647   3.873   3.917  -2.487  -4.822  -5.680