  -3.256  -1.566   2.221   7.159   7.802   9.159  36.706  20.503  15.100  14.881   0.000   0.000  -3.256
 -16.478  -6.676  -2.269   3.345   5.983  14.644   9.406   3.159   8.423  11.095   0.000   0.000 -16.478
 -23.683  -7.731  -2.114   2.893   9.797   9.708   1.419   0.857   2.848   8.459   0.000   0.000 -23.683
 -31.626 -10.813  -2.715   4.353  11.807   6.790   3.932  -2.409 -16.904   6.437   0.000   0.000 -31.626
 -35.368 -19.333  -8.075   4.555  12.435  10.223  -4.971 -13.766 -16.904   0.131   0.000   0.000 -35.368
 -31.521 -14.393  -3.331   3.598   5.174  -8.439 -17.232 -17.404 -16.904  -6.701   0.000   0.000 -31.521
 -11.446  -5.295  -3.642  -4.420 -11.461 -19.213 -18.826 -19.486 -18.036  -7.836   0.000   0.000 -11.446
  -0.017  -3.619  -7.253  -8.451 -18.649 -23.769 -22.703 -18.480  -2.541   1.879   0.000   0.000  -0.017
   0.691  -3.884  -4.153  -5.890 -19.255 -18.624  -0.797  -3.520  -0.458  -1.621   0.000   0.000   0.691
  -2.080  -8.344  -3.355  -0.906  -9.991  -6.474  -0.097  -1.017  -3.214  -3.601   0.000   0.000  -2.080
  -6.491  -9.578  -6.955  -2.877  -4.015   0.433   0.238  -1.163  -0.328  -0.495   0.000   0.000  -6.491
  -3.645  -4.000  -3.325   0.531   2.122   0.808   8.754  28.480  23.729  18.829   0.000   0.000  -3.645
  -3.256  -1.566   2.221   7.159   7.802   9.159  36.706  20.503  15.100  14.881   0.000   0.000  -3.256