   7.202   0.000   0.000   4.843   3.224   7.030   7.509   6.097   5.795   7.494   7.764   7.061   7.202
   5.464   0.000   0.000  10.163  12.372   6.150   2.346   4.606   4.630   5.823   4.182   4.987   5.464
   1.029   0.000   0.000   1.955  -0.272  -1.170  -0.413  -1.065  -2.353  -0.502  -2.152  -2.294   1.029
   3.757   0.000   0.000  -2.782  -2.854  -1.218  -1.127  -3.107  -7.727  -2.557  -2.367  -1.849   3.757
   4.998   0.000   0.000  -2.086  -0.504  -1.162  -1.358 -17.906 -14.867  -6.801  -2.554   2.351   4.998
   1.304   0.000   0.000  -3.103  -3.922  -7.215 -12.407 -27.477 -16.407  -7.267  -3.758   0.222   1.304
 -13.256   0.000   0.000  -5.785 -14.274 -20.688 -23.374 -15.842  -7.747  -4.398  -4.168  -5.520 -13.256
 -33.676   0.000   0.000 -13.552 -25.957 -16.263  -8.758  -5.765  -1.578  -2.410  -7.172 -16.750 -33.676
 -39.467   0.000   0.000 -12.858 -10.481  -5.426  -2.343  -1.270  -3.204  -9.554 -15.397 -24.612 -39.467
 -30.583   0.000   0.000   2.055  -2.358  -4.793  -6.229  -5.415  -7.243 -13.115 -11.893 -14.933 -30.583
 -19.380   0.000   0.000   7.032  -1.323  -6.389  -9.599  -5.034  -3.665 -10.064  -7.101  -5.212 -19.380
  -8.543   0.000   0.000   8.268   0.485  -6.025  -6.947  -0.121  -1.688  -3.384  -0.197   0.652  -8.543
   7.202   0.000   0.000   4.843   3.224   7.030   7.509   6.097   5.795   7.494   7.764   7.061   7.202