 -18.244 -18.247 -16.216  -6.350   1.972   6.779  28.917   8.066   2.756  -6.406 -15.684 -17.604 -18.244
 -20.861 -19.701 -14.505  -5.156   2.887  16.714   0.907  -4.097  -6.459 -14.591 -19.533 -20.057 -20.861
 -24.124 -21.660 -12.547  -7.095   1.785   7.184  -7.109 -10.720 -19.124 -21.689 -22.100 -23.758 -24.124
 -17.639 -11.963  -6.547  -3.193   5.007   1.845  -5.061 -19.304 -31.808 -30.962 -23.364 -18.960 -17.639
 -13.420  -5.571  -7.447  -4.044   0.797  -3.227 -12.371 -29.643 -46.483 -38.614 -21.955 -16.335 -13.420
 -13.670  -9.495 -17.737 -14.872 -14.252 -18.880 -28.400 -53.463 -51.275 -36.612 -21.220 -18.378 -13.670
 -24.293 -30.212 -29.405 -29.784 -32.041 -36.806 -47.874 -37.465 -35.025 -29.952 -26.625 -27.031 -24.293
 -13.830 -21.418 -23.928 -36.990 -46.915 -55.228 -27.376 -22.363 -18.077 -19.701 -22.970 -28.356 -13.830
 -13.054 -17.089 -23.269 -40.240 -38.503 -23.604 -12.301  -4.619  -0.682  -3.938  -7.270  -4.075 -13.054
 -16.011 -18.107 -21.920 -29.219 -32.161 -18.229  -2.748   3.487   6.752  -1.454  -4.701  -9.847 -16.011
 -23.396 -23.776 -22.816 -22.872 -20.774 -10.647  -6.112   7.159   2.365  -6.918 -12.473 -21.592 -23.396
 -23.740 -22.409 -22.032 -17.170 -10.456  -6.645  -0.407  15.812   2.055  -6.473 -15.995 -22.391 -23.740
 -18.244 -18.247 -16.216  -6.350   1.972   6.779  28.917   8.066   2.756  -6.406 -15.684 -17.604 -18.244