  -3.256   0.000   0.000  14.881  15.100  20.503  36.706   9.159   7.802   7.159   2.221  -1.566  -3.256
  -3.645   0.000   0.000  18.829  23.729  28.480   8.754   0.808   2.122   0.531  -3.325  -4.000  -3.645
  -6.491   0.000   0.000  -0.495  -0.328  -1.163   0.238   0.433  -4.015  -2.877  -6.955  -9.578  -6.491
  -2.080   0.000   0.000  -3.601  -3.214  -1.017  -0.097  -6.474  -9.991  -0.906  -3.355  -8.344  -2.080
   0.691   0.000   0.000  -1.621  -0.458  -3.520  -0.797 -18.624 -19.255  -5.890  -4.153  -3.884   0.691
  -0.017   0.000   0.000   1.879  -2.541 -18.480 -22.703 -23.769 -18.649  -8.451  -7.253  -3.619  -0.017
 -11.446   0.000   0.000  -7.836 -18.036 -19.486 -18.826 -19.213 -11.461  -4.420  -3.642  -5.295 -11.446
 -31.521   0.000   0.000  -6.701 -16.904 -17.404 -17.232  -8.439   5.174   3.598  -3.331 -14.393 -31.521
 -35.368   0.000   0.000   0.131 -16.904 -13.766  -4.971  10.223  12.435   4.555  -8.075 -19.333 -35.368
 -31.626   0.000   0.000   6.437 -16.904  -2.409   3.932   6.790  11.807   4.353  -2.715 -10.813 -31.626
 -23.683   0.000   0.000   8.459   2.848   0.857   1.419   9.708   9.797   2.893  -2.114  -7.731 -23.683
 -16.478   0.000   0.000  11.095   8.423   3.159   9.406  14.644   5.983   3.345  -2.269  -6.676 -16.478
  -3.256   0.000   0.000  14.881  15.100  20.503  36.706   9.159   7.802   7.159   2.221  -1.566  -3.256