   0.404  -1.205   0.789  13.541  22.541  28.548  50.551  28.548  22.541  13.541   0.789  -1.205   0.404
  -1.887  -1.141   5.762  14.643  24.000  34.820  24.308  17.676  13.092   4.738  -2.997  -2.603  -1.887
  -3.387  -0.124   9.386  14.208  22.015  30.925  14.221  11.718   4.889   1.667  -3.653  -4.087  -3.387
  -0.069   8.421  13.625  15.852  21.411  21.014  14.828  -0.075  -0.872   6.685   0.784  -1.270  -0.069
   6.132  14.360  15.442  17.498  21.387  17.706  -2.303  -8.094  -4.944   4.026  -7.002   2.536   6.132
  10.251   3.635   9.426  13.395  13.176  -0.075  -7.130  -7.167  -3.443   4.315   3.121   5.735  10.251
  -7.081   7.816   6.365   5.061   1.329  -4.588  -5.550  -4.588   1.329   5.061   6.365   7.816  -7.081
  10.251   5.735   3.121   4.315  -3.443  -7.167  -7.130  -0.075  13.176  13.395   9.426   3.635  10.251
   6.132   2.536  -7.002   4.026  -4.944  -8.094  -2.303  17.706  21.387  17.498  15.442  14.360   6.132
  -0.069  -1.270   0.784   6.685  -0.872  -0.075  14.828  21.014  21.411  15.852  13.625   8.421  -0.069
  -3.387  -4.087  -3.653   1.667   4.889  11.718  14.221  30.925  22.015  14.208   9.386  -0.124  -3.387
  -1.887  -2.603  -2.997   4.738  13.092  17.676  24.308  34.820  24.000  14.643   5.762  -1.141  -1.887
   0.404  -1.205   0.789  13.541  22.541  28.548  50.551  28.548  22.541  13.541   0.789  -1.205   0.404