  -2.863  -2.093   0.813   3.589   4.824   4.785   2.207   4.759   4.784   3.581   0.808  -2.095  -2.863
  -2.914  -2.216   1.277   3.119   4.993   3.923   2.382   4.122   3.974   2.903   0.370  -1.887  -2.914
  -2.512  -1.374   0.652   2.316   3.630   1.619   1.077   2.053   3.567   1.875  -0.238  -1.575  -2.512
  -1.110  -0.095   0.828   1.471   1.279  -0.301   0.145  -0.487   2.818   0.807  -0.271  -0.818  -1.110
  -0.290   0.722   0.828   0.909   0.510  -0.856  -1.078   0.097   0.966  -0.997  -0.746  -0.745  -0.290
  -0.292   0.451   0.546   0.582  -0.666  -1.583  -0.991   0.657  -1.941  -1.991  -1.227  -0.821  -0.292
  -0.650  -0.708  -0.416  -0.609  -1.191  -1.398  -0.726  -1.207  -1.101  -0.982  -0.595  -0.716  -0.650
  -0.238  -0.728  -1.002  -1.682  -1.523  -1.376  -0.704  -1.306  -0.603   0.559   0.595  -0.278  -0.238
  -0.213  -0.599  -0.525  -0.725   1.024   0.065  -0.789  -0.549   0.802   0.996   0.889   0.879  -0.213
  -1.063  -0.736  -0.226   0.842   2.963  -0.444   0.222   0.283   1.286   1.534   0.777   0.100  -1.063
  -2.357  -1.441   0.235   1.933   3.556   1.763   1.107   1.627   3.612   2.324   0.712  -1.238  -2.357
  -2.870  -1.823   0.415   2.917   3.956   3.999   2.309   3.969   4.997   3.059   1.259  -2.190  -2.870
  -2.863  -2.093   0.813   3.589   4.824   4.785   2.207   4.759   4.784   3.581   0.808  -2.095  -2.863