   3.765   0.000   0.000   4.678   9.784  14.977  19.135  13.571  10.345   6.461   4.125   3.525   3.765
   5.474   0.000   0.000   9.060  13.692  17.843  13.740   8.267   4.578   2.677   3.444   4.874   5.474
   5.396   0.000   0.000   0.168   1.425   2.279   2.971   2.149  -1.701  -1.106   2.627   4.974   5.396
   4.225   0.000   0.000   0.835   1.641   2.126   1.675  -4.814  -6.794  -3.899   1.560   3.995   4.225
   2.533   0.000   0.000   1.434   1.805   1.460   1.306  -9.736  -7.702  -4.143   0.615   2.114   2.533
   1.339   0.000   0.000   3.739   0.280  -7.024 -11.469  -9.921  -6.225  -2.751   0.246   0.877   1.339
   0.382   0.000   0.000  -1.419  -7.520 -12.134 -13.347  -9.150  -3.549   0.625   1.051   0.329   0.382
  -1.019   0.000   0.000  -6.465 -11.156 -13.791 -12.287  -4.672   2.223   4.080   2.021  -0.471  -1.019
  -0.723   0.000   0.000  -8.466 -11.156 -12.001  -5.447   3.088   8.544   7.746   3.069   0.134  -0.723
   0.482   0.000   0.000  -7.987 -11.156  -5.013   2.249  10.039  14.511  11.250   5.359   1.341   0.482
   0.774   0.000   0.000  -4.749  -3.430   1.925   8.670  16.098  15.913  11.466   5.419   1.611   0.774
   1.961   0.000   0.000  -0.255   3.425   9.303  14.309  16.663  13.898   9.626   4.830   2.115   1.961
   3.765   0.000   0.000   4.678   9.784  14.977  19.135  13.571  10.345   6.461   4.125   3.525   3.765