   6.331   5.951   4.853   5.668   9.597  13.966  21.427  13.966   9.597   5.668   4.853   5.951   6.331
   5.645   4.666   5.023   8.648  13.250  18.309  15.142   9.130   4.377   2.899   4.712   6.081   5.645
   4.333   3.457   5.621  10.432  15.718  18.485   9.208   2.179  -1.699   0.142   3.562   4.969   4.333
   2.604   2.194   5.158  10.530  15.330  11.107   2.546  -5.915  -6.721  -2.935   1.790   3.453   2.604
   0.248   0.513   3.309   8.556   9.372   3.675  -7.395 -11.367  -8.648  -4.273   0.026   0.904   0.248
  -1.219  -0.279   2.404   4.462   2.328  -5.560 -12.700 -12.308  -7.319  -2.714  -0.361  -0.648  -1.219
  -1.948  -0.646   0.771   0.653  -3.904 -10.815 -14.526 -10.815  -3.904   0.653   0.771  -0.646  -1.948
  -1.219  -0.648  -0.361  -2.714  -7.319 -12.308 -12.700  -5.560   2.328   4.462   2.404  -0.279  -1.219
   0.248   0.904   0.026  -4.273  -8.648 -11.367  -7.395   3.675   9.372   8.556   3.309   0.513   0.248
   2.604   3.453   1.790  -2.935  -6.721  -5.915   2.546  11.107  15.330  10.530   5.158   2.194   2.604
   4.333   4.969   3.562   0.142  -1.699   2.179   9.208  18.485  15.718  10.432   5.621   3.457   4.333
   5.645   6.081   4.712   2.899   4.377   9.130  15.142  18.309  13.250   8.648   5.023   4.666   5.645
   6.331   5.951   4.853   5.668   9.597  13.966  21.427  13.966   9.597   5.668   4.853   5.951   6.331