   3.765   3.525   4.125   6.461  10.345  13.571  19.135  14.977   9.784   4.678   0.000   0.000   3.765
   1.961   2.115   4.830   9.626  13.898  16.663  14.309   9.303   3.425  -0.255   0.000   0.000   1.961
   0.774   1.611   5.419  11.466  15.913  16.098   8.670   1.925  -3.430  -4.749   0.000   0.000   0.774
   0.482   1.341   5.359  11.250  14.511  10.039   2.249  -5.013 -11.156  -7.987   0.000   0.000   0.482
  -0.723   0.134   3.069   7.746   8.544   3.088  -5.447 -12.001 -11.156  -8.466   0.000   0.000  -0.723
  -1.019  -0.471   2.021   4.080   2.223  -4.672 -12.287 -13.791 -11.156  -6.465   0.000   0.000  -1.019
   0.382   0.329   1.051   0.625  -3.549  -9.150 -13.347 -12.134  -7.520  -1.419   0.000   0.000   0.382
   1.339   0.877   0.246  -2.751  -6.225  -9.921 -11.469  -7.024   0.280   3.739   0.000   0.000   1.339
   2.533   2.114   0.615  -4.143  -7.702  -9.736   1.306   1.460   1.805   1.434   0.000   0.000   2.533
   4.225   3.995   1.560  -3.899  -6.794  -4.814   1.675   2.126   1.641   0.835   0.000   0.000   4.225
   5.396   4.974   2.627  -1.106  -1.701   2.149   2.971   2.279   1.425   0.168   0.000   0.000   5.396
   5.474   4.874   3.444   2.677   4.578   8.267  13.740  17.843  13.692   9.060   0.000   0.000   5.474
   3.765   3.525   4.125   6.461  10.345  13.571  19.135  14.977   9.784   4.678   0.000   0.000   3.765