   5.765   5.444   4.262   5.058   9.114  13.152  18.651  13.183   9.159   5.086   4.202   5.407   5.765
   5.052   4.118   4.117   7.414  12.171  16.590  13.716   8.429   4.115   2.424   4.031   5.383   5.052
   3.526   2.593   4.175   9.104  14.427  15.781   7.791   1.959  -1.690  -0.629   2.642   4.136   3.526
   1.799   1.195   4.000   9.337  14.582   9.951   2.841  -3.127  -4.542  -2.045   1.000   2.161   1.799
  -0.618  -0.390   3.286   7.791   9.671   4.426  -1.623  -6.203  -5.290  -3.066  -1.331   0.551  -0.618
  -1.784  -1.484   1.242   3.767   2.672  -1.847  -6.616  -8.415  -4.873  -2.965  -1.748  -1.584  -1.784
  -2.466  -2.250  -0.997  -0.874  -2.645  -6.163  -9.053  -5.280  -2.308  -0.963  -0.913  -2.061  -2.466
  -1.734  -1.738  -1.896  -3.265  -5.315  -7.657  -6.384  -1.999   2.366   3.335   1.150  -1.690  -1.734
  -0.601   0.553  -1.286  -3.452  -4.467  -6.295  -1.823   4.230   9.377   7.999   3.570   0.366  -0.601
   1.729   2.172   1.057  -1.725  -4.282  -3.406   2.817  10.047  14.741   9.237   3.897   1.124   1.729
   3.501   4.094   2.705  -0.583  -1.701   1.698   7.707  15.491  14.670   9.039   4.216   2.453   3.501
   5.067   5.422   4.120   2.408   3.835   8.156  13.495  16.545  12.143   7.391   4.086   4.103   5.067
   5.765   5.444   4.262   5.058   9.114  13.152  18.651  13.183   9.159   5.086   4.202   5.407   5.765